4.025305530098411549e-02 0.000000000000000000e+00 3.665552607030517218e-01 0.000000000000000000e+00 0.000000000000000000e+00 0.000000000000000000e+00 2.226917589824416732e-01 0.000000000000000000e+00 3.704999250135225797e-01
1.473694772972834466e-01 0.000000000000000000e+00 7.697476053692171860e-02 0.000000000000000000e+00 0.000000000000000000e+00 0.000000000000000000e+00 1.699122575076895958e-01 0.000000000000000000e+00 6.057435046581051141e-01
0.000000000000000000e+00 0.000000000000000000e+00 7.712080906206409958e-01 0.000000000000000000e+00 0.000000000000000000e+00 0.000000000000000000e+00 0.000000000000000000e+00 0.000000000000000000e+00 2.287919093793589209e-01
3.221859424738756639e-01 0.000000000000000000e+00 9.309765616601263505e-02 0.000000000000000000e+00 0.000000000000000000e+00 0.000000000000000000e+00 5.229919487389228516e-01 0.000000000000000000e+00 6.172445262118885639e-02
6.666764092189846058e-02 0.000000000000000000e+00 5.504051410913044506e-01 0.000000000000000000e+00 0.000000000000000000e+00 0.000000000000000000e+00 0.000000000000000000e+00 0.000000000000000000e+00 3.829272179867970749e-01
1.401734252995524843e-01 0.000000000000000000e+00 5.590467244224811560e-01 0.000000000000000000e+00 0.000000000000000000e+00 0.000000000000000000e+00 1.013473489765209928e-01 0.000000000000000000e+00 1.994325013014454639e-01
5.014318031162389756e-03 0.000000000000000000e+00 2.045215869181591650e-01 0.000000000000000000e+00 0.000000000000000000e+00 0.000000000000000000e+00 7.070587972828573479e-03 0.000000000000000000e+00 7.833935070778498266e-01
0.000000000000000000e+00 0.000000000000000000e+00 3.876747419827505370e-01 0.000000000000000000e+00 0.000000000000000000e+00 0.000000000000000000e+00 2.977222808725187714e-02 0.000000000000000000e+00 5.825530299299976900e-01
3.979027103504998442e-01 0.000000000000000000e+00 2.227552727158027823e-01 0.000000000000000000e+00 0.000000000000000000e+00 0.000000000000000000e+00 3.347873993534537518e-01 0.000000000000000000e+00 4.455461758024366337e-02
2.764237559311344961e-01 0.000000000000000000e+00 2.267094779388351966e-01 0.000000000000000000e+00 0.000000000000000000e+00 0.000000000000000000e+00 2.529041612742494172e-01 0.000000000000000000e+00 2.439626048557808347e-01
4.580353131927198396e-01 0.000000000000000000e+00 5.419646868072801604e-01 0.000000000000000000e+00 0.000000000000000000e+00 0.000000000000000000e+00 0.000000000000000000e+00 0.000000000000000000e+00 0.000000000000000000e+00
9.962268020147148073e-01 0.000000000000000000e+00 3.773197985285062141e-03 0.000000000000000000e+00 0.000000000000000000e+00 0.000000000000000000e+00 0.000000000000000000e+00 0.000000000000000000e+00 0.000000000000000000e+00
1.000000000000000000e+00 0.000000000000000000e+00 0.000000000000000000e+00 0.000000000000000000e+00 0.000000000000000000e+00 0.000000000000000000e+00 0.000000000000000000e+00 0.000000000000000000e+00 0.000000000000000000e+00
2.928301763774263655e-01 0.000000000000000000e+00 7.071698236225735235e-01 0.000000000000000000e+00 0.000000000000000000e+00 0.000000000000000000e+00 0.000000000000000000e+00 0.000000000000000000e+00 0.000000000000000000e+00
2.560104104604177810e-01 0.000000000000000000e+00 7.439895895395821634e-01 0.000000000000000000e+00 0.000000000000000000e+00 0.000000000000000000e+00 0.000000000000000000e+00 0.000000000000000000e+00 0.000000000000000000e+00
3.935661529095167976e-01 0.000000000000000000e+00 0.000000000000000000e+00 0.000000000000000000e+00 0.000000000000000000e+00 0.000000000000000000e+00 6.064338470904833134e-01 0.000000000000000000e+00 0.000000000000000000e+00
1.000000000000000000e+00 0.000000000000000000e+00 0.000000000000000000e+00 0.000000000000000000e+00 0.000000000000000000e+00 0.000000000000000000e+00 0.000000000000000000e+00 0.000000000000000000e+00 0.000000000000000000e+00
1.592877140531393787e-01 0.000000000000000000e+00 0.000000000000000000e+00 0.000000000000000000e+00 0.000000000000000000e+00 0.000000000000000000e+00 5.868241694887206261e-01 0.000000000000000000e+00 2.538881164581400229e-01
5.361068786321501189e-01 0.000000000000000000e+00 2.831298004977650384e-01 0.000000000000000000e+00 0.000000000000000000e+00 0.000000000000000000e+00 1.807633208700847038e-01 0.000000000000000000e+00 0.000000000000000000e+00
3.064377850293250813e-02 0.000000000000000000e+00 0.000000000000000000e+00 0.000000000000000000e+00 0.000000000000000000e+00 0.000000000000000000e+00 9.693562214970673496e-01 0.000000000000000000e+00 0.000000000000000000e+00
3.120966587074905929e-01 0.000000000000000000e+00 0.000000000000000000e+00 0.000000000000000000e+00 0.000000000000000000e+00 0.000000000000000000e+00 6.879033412925094071e-01 0.000000000000000000e+00 0.000000000000000000e+00
5.563976321159944810e-02 0.000000000000000000e+00 0.000000000000000000e+00 0.000000000000000000e+00 0.000000000000000000e+00 0.000000000000000000e+00 9.443602367884005311e-01 0.000000000000000000e+00 0.000000000000000000e+00
5.588621600314295224e-01 0.000000000000000000e+00 1.107340288937898043e-01 0.000000000000000000e+00 0.000000000000000000e+00 0.000000000000000000e+00 0.000000000000000000e+00 0.000000000000000000e+00 3.304038110747806178e-01
1.939576057739105241e-01 0.000000000000000000e+00 0.000000000000000000e+00 0.000000000000000000e+00 0.000000000000000000e+00 0.000000000000000000e+00 5.986938265779496726e-01 0.000000000000000000e+00 2.073485676481399420e-01
1.234833454516247320e-02 0.000000000000000000e+00 4.791364279956104033e-01 0.000000000000000000e+00 0.000000000000000000e+00 0.000000000000000000e+00 1.551569427502277332e-01 0.000000000000000000e+00 3.533582947089994875e-01
4.050084685784615113e-01 0.000000000000000000e+00 2.670653049556133696e-01 0.000000000000000000e+00 0.000000000000000000e+00 0.000000000000000000e+00 1.431291769477577858e-01 0.000000000000000000e+00 1.847970495181673611e-01
3.067822874520565457e-01 0.000000000000000000e+00 3.018546472130290703e-01 0.000000000000000000e+00 0.000000000000000000e+00 0.000000000000000000e+00 8.346250844439626060e-02 0.000000000000000000e+00 3.079005568905180401e-01
0.000000000000000000e+00 0.000000000000000000e+00 4.000878653623673314e-02 0.000000000000000000e+00 0.000000000000000000e+00 0.000000000000000000e+00 2.658028021618116798e-01 0.000000000000000000e+00 6.941884113019516356e-01
0.000000000000000000e+00 0.000000000000000000e+00 0.000000000000000000e+00 0.000000000000000000e+00 0.000000000000000000e+00 0.000000000000000000e+00 6.489325080617455166e-01 0.000000000000000000e+00 3.510674919382544279e-01
2.561830297532171064e-01 0.000000000000000000e+00 2.574853473674467708e-01 0.000000000000000000e+00 0.000000000000000000e+00 0.000000000000000000e+00 5.314308770031393042e-02 0.000000000000000000e+00 4.331885351790221161e-01
