1.931359092071400496e-01 0.000000000000000000e+00 4.893848721548239022e-01 0.000000000000000000e+00 0.000000000000000000e+00 0.000000000000000000e+00 0.000000000000000000e+00 0.000000000000000000e+00 3.174792186380361314e-01
5.142916325618249740e-01 0.000000000000000000e+00 4.857083674381750260e-01 0.000000000000000000e+00 0.000000000000000000e+00 0.000000000000000000e+00 0.000000000000000000e+00 0.000000000000000000e+00 0.000000000000000000e+00
3.507983587177563312e-01 0.000000000000000000e+00 4.990318218554510299e-01 0.000000000000000000e+00 0.000000000000000000e+00 0.000000000000000000e+00 1.501698194267926390e-01 0.000000000000000000e+00 0.000000000000000000e+00
4.098283854454914249e-02 0.000000000000000000e+00 9.590171614554507951e-01 0.000000000000000000e+00 0.000000000000000000e+00 0.000000000000000000e+00 0.000000000000000000e+00 0.000000000000000000e+00 0.000000000000000000e+00
0.000000000000000000e+00 0.000000000000000000e+00 3.935765147442449319e-01 0.000000000000000000e+00 0.000000000000000000e+00 0.000000000000000000e+00 9.850503300748084112e-02 0.000000000000000000e+00 5.079184522482741437e-01
8.178039972622699327e-01 0.000000000000000000e+00 1.821960027377300673e-01 0.000000000000000000e+00 0.000000000000000000e+00 0.000000000000000000e+00 0.000000000000000000e+00 0.000000000000000000e+00 0.000000000000000000e+00
0.000000000000000000e+00 0.000000000000000000e+00 1.000000000000000000e+00 0.000000000000000000e+00 0.000000000000000000e+00 0.000000000000000000e+00 0.000000000000000000e+00 0.000000000000000000e+00 0.000000000000000000e+00
6.180020243272860148e-01 0.000000000000000000e+00 3.819979756727139852e-01 0.000000000000000000e+00 0.000000000000000000e+00 0.000000000000000000e+00 0.000000000000000000e+00 0.000000000000000000e+00 0.000000000000000000e+00
9.999999999999998890e-01 0.000000000000000000e+00 0.000000000000000000e+00 0.000000000000000000e+00 0.000000000000000000e+00 0.000000000000000000e+00 0.000000000000000000e+00 0.000000000000000000e+00 0.000000000000000000e+00
1.000000000000000000e+00 0.000000000000000000e+00 0.000000000000000000e+00 0.000000000000000000e+00 0.000000000000000000e+00 0.000000000000000000e+00 0.000000000000000000e+00 0.000000000000000000e+00 0.000000000000000000e+00
9.561808534336706522e-01 0.000000000000000000e+00 4.381914656632942412e-02 0.000000000000000000e+00 0.000000000000000000e+00 0.000000000000000000e+00 0.000000000000000000e+00 0.000000000000000000e+00 0.000000000000000000e+00
1.273042557894042137e-01 0.000000000000000000e+00 2.033722431250269136e-01 0.000000000000000000e+00 0.000000000000000000e+00 0.000000000000000000e+00 8.508062969332286229e-02 0.000000000000000000e+00 5.842428713922459549e-01
1.000000000000000000e+00 0.000000000000000000e+00 0.000000000000000000e+00 0.000000000000000000e+00 0.000000000000000000e+00 0.000000000000000000e+00 0.000000000000000000e+00 0.000000000000000000e+00 0.000000000000000000e+00
6.199525155258894804e-01 0.000000000000000000e+00 3.800474844741105751e-01 0.000000000000000000e+00 0.000000000000000000e+00 0.000000000000000000e+00 0.000000000000000000e+00 0.000000000000000000e+00 0.000000000000000000e+00
7.614716752740330330e-01 0.000000000000000000e+00 0.000000000000000000e+00 0.000000000000000000e+00 0.000000000000000000e+00 0.000000000000000000e+00 2.385283247259668837e-01 0.000000000000000000e+00 0.000000000000000000e+00
8.092392304119674362e-01 0.000000000000000000e+00 1.907607695880326193e-01 0.000000000000000000e+00 0.000000000000000000e+00 0.000000000000000000e+00 0.000000000000000000e+00 0.000000000000000000e+00 0.000000000000000000e+00
4.805873160420749413e-01 0.000000000000000000e+00 5.194126839579250587e-01 0.000000000000000000e+00 0.000000000000000000e+00 0.000000000000000000e+00 0.000000000000000000e+00 0.000000000000000000e+00 0.000000000000000000e+00
2.532934491270008581e-01 0.000000000000000000e+00 7.467065508729991974e-01 0.000000000000000000e+00 0.000000000000000000e+00 0.000000000000000000e+00 0.000000000000000000e+00 0.000000000000000000e+00 0.000000000000000000e+00
7.137292449584621556e-02 0.000000000000000000e+00 9.286270755041537983e-01 0.000000000000000000e+00 0.000000000000000000e+00 0.000000000000000000e+00 0.000000000000000000e+00 0.000000000000000000e+00 0.000000000000000000e+00
1.906942064007256799e-01 0.000000000000000000e+00 0.000000000000000000e+00 0.000000000000000000e+00 0.000000000000000000e+00 0.000000000000000000e+00 8.093057935992744589e-01 0.000000000000000000e+00 0.000000000000000000e+00
4.144100078315610114e-01 0.000000000000000000e+00 0.000000000000000000e+00 0.000000000000000000e+00 0.000000000000000000e+00 0.000000000000000000e+00 5.855899921684388776e-01 0.000000000000000000e+00 0.000000000000000000e+00
5.578355206830892810e-01 0.000000000000000000e+00 0.000000000000000000e+00 0.000000000000000000e+00 0.000000000000000000e+00 0.000000000000000000e+00 4.421644793169107746e-01 0.000000000000000000e+00 0.000000000000000000e+00
7.795491190727311670e-01 0.000000000000000000e+00 2.204508809272688330e-01 0.000000000000000000e+00 0.000000000000000000e+00 0.000000000000000000e+00 0.000000000000000000e+00 0.000000000000000000e+00 0.000000000000000000e+00
7.178447730851834629e-01 0.000000000000000000e+00 0.000000000000000000e+00 0.000000000000000000e+00 0.000000000000000000e+00 0.000000000000000000e+00 2.821552269148164260e-01 0.000000000000000000e+00 0.000000000000000000e+00
2.635752707205554213e-01 0.000000000000000000e+00 1.360372697571723966e-01 0.000000000000000000e+00 0.000000000000000000e+00 0.000000000000000000e+00 5.401419865329876169e-01 0.000000000000000000e+00 6.024547298928448896e-02
7.241322696568609496e-01 0.000000000000000000e+00 0.000000000000000000e+00 0.000000000000000000e+00 0.000000000000000000e+00 0.000000000000000000e+00 2.758677303431391614e-01 0.000000000000000000e+00 0.000000000000000000e+00
6.012876440367003195e-01 0.000000000000000000e+00 3.987123559632996805e-01 0.000000000000000000e+00 0.000000000000000000e+00 0.000000000000000000e+00 0.000000000000000000e+00 0.000000000000000000e+00 0.000000000000000000e+00
8.369558033144787190e-01 0.000000000000000000e+00 0.000000000000000000e+00 0.000000000000000000e+00 0.000000000000000000e+00 0.000000000000000000e+00 1.630441966855211977e-01 0.000000000000000000e+00 0.000000000000000000e+00
4.492112034285589139e-01 0.000000000000000000e+00 1.198010423211354480e-01 0.000000000000000000e+00 0.000000000000000000e+00 0.000000000000000000e+00 2.658452500131303076e-01 0.000000000000000000e+00 1.651425042371753027e-01
5.362842518665593694e-01 0.000000000000000000e+00 6.814034829891259248e-02 0.000000000000000000e+00 0.000000000000000000e+00 0.000000000000000000e+00 1.940863294616711754e-01 0.000000000000000000e+00 2.014890703728569321e-01
2.800229211183891120e-01 0.000000000000000000e+00 3.755374041004621438e-02 0.000000000000000000e+00 0.000000000000000000e+00 0.000000000000000000e+00 6.245624899557836729e-01 0.000000000000000000e+00 5.786084851578105620e-02
8.375471107982596086e-01 0.000000000000000000e+00 0.000000000000000000e+00 0.000000000000000000e+00 0.000000000000000000e+00 0.000000000000000000e+00 1.624528892017402804e-01 0.000000000000000000e+00 0.000000000000000000e+00
